Hidden Biases:
0.3058763456383703 0.76055592104219 0.9245423237315229 0.8205288138045013 0.3567056483648615 0.223874015164938 0.6609802221322456 0.5391924528955677 0.8763385115532393 0.23367489042515488 
Output Biases:
0.4228849823628211 0.5248141364228103 
Input Hidden Weights:
0.7867111300098265 0.2063139599149032 0.3220376575350614 0.7964267319476482 0.7909719625772142 0.9537835462474775 0.1728606813755017 0.9684768980269844 0.0966103905878325 0.9885136395911053 
0.04458042176287558 0.6955086805691505 0.6309471017617262 0.7975981335644854 0.6461581777084453 0.7430691721567156 0.6676577812166036 0.20459365131189045 0.06176630431313135 0.3501663996201164 
0.23929419888339154 0.1764274713276368 0.6513365368314346 0.02880959278240336 0.9576895899219157 0.026709734553924447 0.5901435855090951 0.33762461580103786 0.9194105358056376 0.5609749007515135 
0.9629900832974325 0.8584483617577552 0.30526212219457416 0.0654104425599632 0.042695323846591915 0.3489155051796773 0.599941028296751 0.07347904538649075 0.35242098392456556 0.7178294958702309 
0.7020173237809048 0.8937596310102432 0.28008236777672024 0.8468070620611988 0.3746307780686876 0.6609718106782323 0.8961337828623545 0.3075156688353794 0.8996174240056973 0.87758706221701 
0.3021723099795042 0.19187747314252734 0.7533671005192963 0.8223450883468859 0.3429913884643001 0.4973469362123766 0.8935926340566133 0.09163669660183293 0.26928995905305686 0.469012106308784 
0.5327948296243104 0.8669346871269997 0.8823740001747195 0.20751433854769152 0.4316793663000954 0.28508137945514644 0.10112064129340526 0.7619353304566631 0.17647176056557978 0.8649480619457037 
Hidden Output Weights:
0.2649319188835132 0.2826099080704816 
0.41079852719243626 0.3518792484442522 
0.014167445875844065 0.6569456178004736 
0.9640560613868381 0.35687052215768134 
0.0463904904534026 0.6281671425089786 
0.8957469454937793 0.15638489437908876 
0.5891053198627587 0.8802937195529722 
0.978335035515156 0.9508952567254126 
0.5568273025277273 0.7219339668747915 
0.4853231544069385 0.6998921385874983 

